4122
19177
8957
6735
14538
3964
24814
23912
26950
24985
206
3795
32009
9754
3983
16086
32649
30281
20483
1950
11640
23877
10756
32711
16058
24600
25647
27155
6545
20355
20586
25697
8999
1639
31774
26957
20652
3338
31883
31455
6857
20891
7252
17519
4852
902
18471
25040
25571
19467
28974
21222
22443
28430
18799
11619
30076
19784
25429
3131
9326
2791
635
18
31058
12073
27878
9047
32594
6248
16733
17272
12769
10749
25755
7341
5387
15326
26293
3957
1766
20611
5760
6920
9788
28521
32031
28053
29094
12126
27600
25813
17170
13272
5253
28853
6917
11427
5265
3567
