10645
22468
19356
15284
4159
98
3904
20115
22433
4162
10153
12016
22173
27531
1742
23024
24277
21543
1717
14336
14761
2610
17382
31835
5948
6769
6758
30530
7439
6225
9610
21413
21935
18159
8139
25534
4536
11515
22666
22874
13819
19557
14863
17632
2221
15467
30321
13446
8533
16853
10666
18283
8796
8007
6235
13560
19664
21594
13707
28223
24172
6271
10185
3035
5834
20385
17491
3615
3989
16778
31805
10247
8612
23101
28539
15244
20038
4519
11820
25274
17129
26416
23889
19066
32302
16098
23765
9697
13379
19678
28292
21533
18221
23486
21850
18287
9432
10667
2019
22461
22941
32282
16578
938
13795
13335
9298
8758
7113
15247
8617
12584
18953
13105
14470
27257
27491
2053
17280
10340
11012
16788
17712
22462
19095
18954
4151
27941
18846
4598
14478
1935
5907
19088
29609
3647
27269
16586
22967
29495
14245
13765
21080
21986
23895
22240
25308
16499
27571
26966
12288
14174
8477
27585
20955
14951
13285
2409
24371
557
28550
28112
20350
13765
4603
21147
2581
24254
2837
32131
15697
13263
13847
31535
4333
21270
27127
11475
3438
11102
21086
22692
23636
1734
7680
6005
8621
22750
17201
21309
20599
2611
14725
29467
14326
4216
29203
28713
11492
5111
31139
13040
28246
13653
14725
24287
32373
7127
29099
15878
18891
13818
15046
27206
9602
27855
17021
23922
27440
15332
23312
6484
26229
12545
20559
26793
17358
418
3852
25767
30692
27929
10789
2509
17403
17027
30668
21655
13007
26197
3606
29257
27454
9826
2864
692
14410
757
9214
11111
17382
15526
5815
25851
24922
22736
10582
3039
5329
830
29419
27685
16610
5377
2
30701
16042
6171
26804
13189
19888
456
28985
22629
22034
6393
1180
3359
31697
24961
13446
30314
15612
19172
5505
31334
6324
4766
16831
26191
15466
19372
14479
409
28734
28463
10062
21890
1852
9258
25640
4110
13211
88
1169
17458
31585
26385
29074
24191
13155
30877
2469
26071
30346
12395
1535
9185
24651
3468
2858
21715
23993
13660
20981
19981
3122
11904
14529
31347
26400
18730
13749
28982
2142
24125
15958
8581
12760
20595
12647
28388
203
19429
9494
27275
11485
1955
15322
4163
25496
22849
31477
29353
7113
6471
5462
27154
11610
486
13304
2791
3964
23845
25710
4637
31395
12971
4297
28735
19583
26177
3046
29500
13986
10243
10116
28051
32621
4837
16939
8806
18161
15088
10697
5848
19367
20153
13698
6018
30419
25116
28562
8624
13856
2356
14837
9051
9052
18683
19634
8874
27431
5477
16513
28116
29753
24986
28317
27472
10951
29304
16264
11360
28531
2049
78
16774
10767
11353
4643
28329
15891
6228
28365
5054
16880
16121
23236
22492
21346
14054
28276
18694
23377
15263
32656
30438
16025
7659
695
10487
14539
11640
22935
16597
15291
15733
5577
6599
30541
31775
13754
7762
18647
29051
31596
12100
21757
28341
17591
19968
5720
20135
13385
919
21311
31062
10359
9824
21540
14265
5691
2397
11670
28944
23392
17436
18079
21822
23633
28160
1535
7412
26394
28265
17144
29286
20016
1255
7067
11912
18883
16062
11532
12909
24727
15436
24241
17098
20398
28931
23998
27215
14604
26371
16613
23297
19313
11684
20362
26564
22249
22985
29944
29388
20235
24422
16198
26802
22249
23952
31735
3690
23325
20828
13420
10704
20145
10795
6189
28587
22386
6436
20625
3192
22957
30163
20229
23619
30505
29004
24706
30055
26464
24702
2138
23177
1300
29876
2139
0
10757
18897
8021
4745
30550
30801
17764
23564
14263
6296
13501
31710
28229
15254
14474
28964
6195
10943
15521
28309
30619
25726
14623
4555
4868
20101
32030
11139
1350
811
23312
16065
30667
32023
15669
22151
8526
30631
30397
6624
6232
31203
5010
7925
4624
11993
27877
13531
29551
18249
9195
5250
234
10354
4850
3741
12784
31076
25251
240
21514
16287
5034
18682
6967
23438
18799
5386
19849
3987
25769
24089
9745
16027
15673
1229
27349
105
10185
11180
13717
23523
9841
5915
32657
21244
20546
2902
7257
21154
11132
1138
11030
7740
1604
31835
3163
18212
14267
1978
22468
1622
32438
7250
10590
8832
32519
15128
30683
3927
27182
4069
25590
11521
18692
4088
10092
2581
29660
9396
26210
21100
5818
13233
1046
18659
16983
22981
16331
26950
13204
5674
7636
10573
2311
27699
8561
6994
28650
27454
21220
17103
23207
20030
7482
24706
713
2376
2652
3547
13867
18350
3583
25971
16534
21553
2363
29211
29728
24997
3481
22617
11824
6888
10122
13790
8159
23019
9431
27698
8462
8554
20033
21117
6905
3647
14702
2855
1872
20402
11882
24296
30276
17942
7311
21490
15631
29566
13722
22225
3417
17994
20832
24393
19031
21181
3892
11053
21788
20311
14948
141
30947
23259
29017
16067
12633
8724
11075
26407
16061
22501
15756
22126
8679
19522
9380
4735
1933
7785
14843
19594
22277
15245
1854
4037
11957
22063
2976
24532
1859
27807
4005
9848
23488
18834
31236
8689
5200
30902
17903
27380
4364
19512
24869
9767
13504
27931
23574
24738
11553
2909
10128
303
12203
10329
1476
26193
21636
6858
28588
25416
31683
1698
251
32195
31171
29442
27552
31628
9402
24012
18492
3416
16282
8910
11801
12862
29745
32292
28775
5029
6114
14552
11090
15358
11600
21621
13485
14151
9531
11162
21149
30164
773
32395
25160
25698
7988
5426
23744
13567
4721
7444
10104
6222
9477
17628
27874
6498
686
32723
3218
2683
273
9816
17473
25481
11708
28917
11777
2902
22242
26710
1335
21718
16754
15006
15971
29209
9570
3770
30504
18830
10629
20605
20908
27105
15828
7227
20485
27691
6381
13141
30168
19068
22765
26354
2783
12924
19974
29432
13
6594
31198
26621
1663
2320
18681
16471
17006
22742
14254
11924
31970
15538
26323
21353
3459
31282
15238
3242
14945
9346
5312
16077
20116
18880
1221
16213
13836
5329
13426
9052
11095
17342
19975
32714
19551
3174
19044
5876
5359
25574
7416
19381
26171
22341
22167
19176
17932
23187
15187
31879
2550
21262
31432
8700
19092
15284
14692
1603
28948
16255
24126
28044
16791
4329
4537
2366
4353
3908
29768
9314
30729
16830
23822
20045
5608
23196
22559
31829
14861
11791
24498
3023
25384
28467
2922
7639
29391
10335
6672
2707
31882
11422
289
32491
5120
28430
16828
30062
27138
31566
4752
32696
8970
17546
29089
28161
246
25971
16060
24640
18765
7112
7354
7598
9574
9126
8975
309
12091
16383
16670
4262
5007
26247
3814
12569
5494
18269
2083
13575
14388
5694
25571
3821
15591
13795
24776
19617
16200
12959
4455
4208
14104
2336
13199
22366
30529
21299
8430
10826
28726
5402
32580
30641
15386
24125
10055
16053
32007
27887
14107
4958
31427
10955
30910
1256
15842
9686
24164
25693
30266
16936
16959
26113
12155
1661
21954
15008
18224
27075
23342
3624
8036
10044
32121
5169
30952
8648
14436
27273
430
18263
13212
8653
18817
207
21167
1507
21033
13642
14654
21156
23079
10880
17456
5974
7660
8559
1826
16479
22591
16093
18200
26437
20472
1054
17402
12142
8698
4587
779
7960
12457
24506
226
28802
29743
9862
20047
4557
30542
17550
5962
26199
21711
10918
14734
1539
15019
30022
19409
10791
30365
29619
21700
14527
28484
31726
21239
6056
11784
22533
21987
8327
29570
17794
8850
2639
19152
23607
20906
6035
28959
11562
25389
30287
10558
5240
8837
16159
18665
1498
7794
18570
17566
32173
12780
2944
8551
30385
10029
10243
17729
13169
15614
4019
15922
14359
27280
5963
16908
15585
17674
19274
8920
6932
17587
31105
17679
16018
10067
7845
16943
15626
15298
9212
13422
21502
26868
32618
3347
30545
8416
26532
23777
12765
1385
10434
19353
23845
14106
32535
16331
30688
27912
4301
4313
15960
12216
29252
4694
3701
17309
28473
6635
7513
5552
22051
28078
7181
28332
8049
28473
32130
12728
24412
28419
24701
12340
14079
30749
14835
14424
24803
26410
30500
22501
18126
32143
19867
10668
10986
5355
10057
15109
21443
19125
20091
30145
19105
26147
10269
12038
22849
9463
2531
7709
10320
453
2942
14119
2488
12321
20067
22730
18842
2953
4357
25798
18419
22906
7314
16769
12760
867
1260
18626
16296
18553
25625
5414
11420
4886
21342
27779
3200
26638
4533
25064
31684
23159
27034
11958
1394
21208
11793
22249
29152
6151
21065
16718
29714
22607
8827
26367
16445
8606
30947
730
6351
7002
4384
11578
12415
22272
28945
31049
19382
12041
9757
28141
4303
2776
2991
12867
5445
13933
26053
15367
15080
17833
14006
9360
8353
28669
509
17856
1394
998
11197
24254
15724
9980
10245
31725
10120
20217
10340
29253
30551
21326
31936
16379
2762
8261
23065
29405
13455
3666
13187
10961
22686
32326
17613
22924
1870
26386
26966
12518
28009
25497
31486
23696
20080
13770
5362
5766
23346
30240
28158
29860
13765
27881
23875
15910
3283
13230
14209
12264
2700
21643
1102
9700
13870
7677
25238
22242
14312
18247
24272
6690
21442
11884
8703
24937
16559
697
26146
2883
21307
15321
28840
24288
12973
16041
29262
15372
31607
25552
11847
10721
2653
30782
14172
8572
4835
25261
31039
12407
11807
13216
15336
31191
24437
1538
20350
23197
12175
22928
32683
30146
22304
31561
19082
21885
23969
23384
18195
31308
9833
25829
31291
5790
2621
25634
17238
889
25002
13055
2893
131
6510
30576
6446
6997
4883
22683
27407
16336
7054
26138
12912
17771
1019
1923
2798
5258
9845
29883
7431
2494
21257
553
17292
4356
3168
689
10169
19022
29614
32496
1128
16578
3255
21312
427
10168
9554
5573
9693
31213
14321
5292
15987
13856
28561
18504
2827
10871
16652
5267
372
16115
9527
10666
3568
19751
15620
8516
2833
26184
8
21750
21353
7415
23372
18139
11455
20897
540
5312
16920
13340
19206
581
20276
19517
17625
995
13400
4373
20253
21213
833
1646
30711
4601
27025
22182
18448
11803
25426
7438
5216
22506
10958
6418
20120
30414
20378
14950
30711
28989
6738
10139
7196
10874
25099
5729
285
29839
19382
28652
15233
15283
29412
15216
9463
30853
12386
27134
21208
5678
29949
6396
30879
1500
16479
30251
21495
11923
8434
25756
29271
14276
12398
6071
29125
10575
9511
13410
22118
32286
20492
7195
30733
2441
13112
7014
13522
2908
26238
19694
4029
3712
12970
31241
17163
26618
22981
22176
26535
4511
9923
5458
13294
1640
22627
22091
27860
1863
9217
31542
29274
8422
27327
14873
28502
23897
13714
29007
26186
10760
10636
13986
26360
3957
16841
20053
6362
6924
9555
12394
23654
15368
19920
15389
7875
2096
7948
9210
5547
1640
4172
10853
29316
7430
25137
31285
14617
28379
7019
9913
12461
650
13719
16576
8225
31490
14101
27058
22216
13131
675
15113
28252
13682
8560
29983
7148
22775
12582
21344
17668
8641
22648
4568
5211
14060
4686
30652
31373
32691
32238
23551
11397
262
9592
32230
12021
15988
19682
7065
9340
30011
21095
12562
14267
2504
26454
12917
15887
12578
1800
27316
18468
3005
5693
7417
25865
11936
20819
28424
30934
28832
26012
27103
13103
21906
15974
11084
18408
31654
32323
15439
4885
20087
16480
681
18511
15586
12179
17776
24821
12963
28280
10928
5925
18196
23816
14654
26641
32292
12446
5279
28270
27667
25608
8769
26677
29558
22442
20272
1688
17020
24877
411
24378
11451
13103
21675
26680
25976
9095
11832
5774
16793
14238
18792
14221
18160
3929
10392
15515
9333
8490
31665
25406
4703
28718
6781
31194
32118
32378
20317
16047
15423
2752
12111
12233
11201
7949
13894
24972
4135
32726
1874
2455
12089
4396
29075
14581
31206
15663
7072
4478
26458
2444
8626
28086
9432
8820
9775
30354
14635
29167
18810
785
30547
29669
27991
18780
23909
14059
27321
9265
30809
19599
392
27081
6112
11871
31685
9449
27782
23207
10835
5858
12063
32234
3441
25717
23189
24202
874
2446
30544
3757
12009
28406
7397
12769
18926
28824
11416
19318
14625
4406
5302
21570
15425
3345
26852
21941
19113
12611
20621
7048
7676
17566
24485
23676
27287
3740
21699
28861
15139
11832
4031
32289
27690
13483
29708
20802
21344
5686
29460
25660
12118
13431
27109
273
26305
10915
6499
14582
13466
11069
11734
6896
20891
2325
24222
7350
23570
6784
6177
31207
8176
26408
168
4082
18366
30380
6308
9514
25440
20188
21940
27845
9502
7023
8365
665
8148
8745
24238
15639
6002
5906
18033
30018
11604
25619
29190
29582
26331
13215
13406
29827
8562
25128
11096
6207
5993
19998
15096
14603
443
19543
7367
25660
3051
12882
11345
18994
4354
5031
15510
15392
22049
21582
23827
8820
8511
26003
7617
19898
9295
27542
19979
5024
12205
19850
10175
7143
12818
2317
14210
17263
30746
20336
29649
17114
2874
5473
6401
29634
32428
19775
11361
10672
11781
8292
1790
7037
1350
24507
15371
30123
30668
2368
2989
14219
30291
11442
28412
17066
24296
20046
24711
30580
4659
18809
8808
1069
2094
28982
831
14829
940
19303
1115
6958
25624
8251
27195
1168
16400
11410
7042
7379
17022
2419
13190
25321
16728
22996
18933
8201
21790
24043
24990
25336
27433
7251
29334
26829
17625
32677
12912
6300
7281
27518
28945
25287
2386
29042
1160
14072
1412
10991
16865
12965
8355
13842
1143
24735
16847
30367
3646
18253
22108
26544
7403
22830
16433
18949
22638
6428
16235
30222
20768
13145
7928
17418
23
12035
30660
17963
5562
6610
16557
21654
10090
9294
12031
13775
20489
30711
7484
19047
28690
19401
26667
18040
22642
25226
20300
25969
23663
9784
16360
16869
15236
23101
13343
29547
24229
24142
22137
7271
14802
27727
7826
6427
970
30576
27458
17843
10912
28209
13268
15965
16318
30648
31537
25049
30070
19991
6286
27622
3942
13394
1830
21382
23431
6216
20190
29058
299
5640
11905
17300
16762
17311
15275
31366
9759
20930
13864
28038
11981
4004
17821
18719
26613
32581
31238
28644
4375
23616
18970
11170
14241
5586
32632
21819
21970
24314
20019
24367
24134
12347
22014
27944
12288
30300
23194
27068
19762
15265
8866
1786
14073
15465
11339
12755
4632
1450
10487
12862
14362
11386
9306
21340
15743
10031
20528
19055
30974
5001
21115
32493
21986
16608
22272
16091
2460
16602
21301
18577
21675
19084
15842
16002
26531
1390
3554
5041
1867
8944
10568
8798
26432
11609
26376
4054
16438
21106
23655
13781
14183
2132
29358
29005
6923
3362
23224
7175
27253
27742
11236
29162
14368
32142
2447
25035
20535
920
8784
27497
16286
14598
11187
14024
9930
17319
17737
32599
18030
4671
19845
29101
31176
27617
8071
13569
32277
19215
25842
7413
4641
5543
18324
2359
19645
17737
22894
4372
8916
6937
20857
55
8833
14387
9976
7948
14783
10202
2540
18256
13319
644
19579
24241
16727
14145
19917
11864
8693
8920
20628
8501
6023
20942
32482
29408
16012
14817
17767
5621
16057
16416
25282
23436
12424
25239
18699
29377
21605
29448
28604
17186
3565
18304
12944
8919
5690
24930
1567
301
3622
17515
22439
3900
18426
15192
12081
11554
13287
8945
16491
22578
28222
30072
7603
29862
22560
18919
10957
12024
13170
28438
15885
32116
29872
2823
7924
21943
26899
20215
21828
23939
25489
22565
22358
8045
7519
26860
25653
23225
25505
28287
18765
8899
30934
29701
31762
21343
23658
20251
1609
22497
29436
1557
5077
7897
11454
32279
13148
15489
2538
9755
30525
25714
9571
3090
3761
10713
4523
12254
1137
19413
17009
7908
32007
20444
25893
25897
26471
31599
28572
9793
2667
18712
30247
941
28857
12588
10622
6618
19621
25806
17542
16947
27085
3753
18673
31831
17605
612
30120
11164
8180
28577
2168
13229
28296
14841
24599
28253
49
5035
19433
4437
28591
13599
14499
28854
25939
11244
18834
9680
18478
27477
11500
24638
6053
14457
1771
16743
21812
5779
690
10296
9630
21346
24382
32343
6878
29337
558
27577
30275
32376
22732
2356
8946
3573
8910
30060
5441
10962
5149
4817
9228
18808
12586
9333
6523
25434
15727
17618
31191
2486
531
26137
10289
11995
20128
12043
27529
22979
17915
17684
3683
9175
21189
29361
11321
30528
24116
22230
15927
3267
7359
27242
115
24571
31661
3355
10784
30644
2352
21310
7338
27579
16718
14711
18643
8591
15851
10049
17146
7668
27784
25439
22349
27764
30391
16961
30839
7167
16453
106
27154
20104
16214
17487
4643
6523
21534
9350
30612
31930
4895
32370
22321
25049
27052
3084
28848
23168
12011
764
24117
17130
16451
21782
21608
8189
2439
12338
4346
31816
2837
2777
15007
17867
3300
19697
30879
22535
30763
1555
8871
28501
8146
21150
11832
27571
24872
32399
26559
20185
31889
23428
475
30966
32579
1333
14031
17848
16474
22790
9426
29484
4742
1891
5951
16559
285
16772
21015
32444
20179
16746
8729
29352
11218
8622
16343
14820
22100
5185
23704
5934
30077
1882
869
24722
31848
28038
870
5643
12907
646
450
7395
12532
8347
24420
25623
30268
19293
19179
30046
1950
14581
7836
8253
8462
26321
2354
15992
25794
1196
703
12041
2598
8714
18620
17787
8918
2388
3805
18402
23371
20506
20320
13764
25998
19064
24558
2629
30904
22563
21920
11281
13216
6316
22552
23533
13373
4780
671
14173
31831
22773
6627
11882
2985
27563
19698
12000
1943
5346
21738
26156
24803
10993
27682
6930
2363
4597
10020
30983
4383
4360
9158
13090
26310
119
3779
17721
28825
25431
5446
22277
2318
4082
5564
2238
30383
26891
12504
5886
32167
26148
969
26916
23800
29443
26773
19758
27484
32471
12692
5243
250
14956
27869
18528
10212
19153
23984
19946
30448
13933
14858
15263
10868
25844
31828
10091
11984
19312
29159
20361
26653
1349
10487
8873
1486
32620
12858
12639
8959
30304
26932
17716
7057
28828
11116
9803
27173
14029
1441
2217
19066
11488
8601
17937
1283
16362
9627
13076
20604
2189
22205
21330
24962
26535
4712
24966
32488
10677
14410
17645
9433
19635
16729
30167
28144
967
10757
754
26733
13670
10137
2202
3964
4108
8643
9490
30573
16857
6340
1392
14894
14630
24538
2866
20935
9866
11285
6178
13267
20136
27058
12653
18617
7793
23899
761
23243
28921
4647
8960
5780
32556
13399
9909
679
5756
20818
20534
1108
1632
4957
8904
16401
26334
4060
23242
7001
14872
15149
9
6975
22418
8651
30075
32504
13967
28000
5708
23657
1036
29430
24991
17204
27716
4579
18240
12499
12139
30353
26040
7509
16998
20970
6
28836
15272
3025
28027
6479
1020
20697
32409
8870
16926
24983
27815
21276
4639
22171
6344
13898
10634
25688
2630
18847
9362
19488
11506
22775
2343
28856
31970
2210
9710
9240
25013
26086
32190
4424
4389
20644
5896
28625
21663
8505
8218
11984
24077
15468
31334
16172
30720
3480
26736
27045
20783
13848
6233
15566
29349
29313
6351
7695
6661
686
17540
26020
26514
23308
21087
25983
28991
16127
14084
13992
873
8369
15768
14866
14410
1976
21700
10969
24364
21922
14008
11766
10713
18878
20403
6859
19390
1369
25265
19412
8254
6452
2370
3614
9309
6188
23096
6809
14688
14908
7467
6170
20927
30021
16917
20893
25568
22459
31118
7295
19853
13999
30888
29354
22067
9205
22040
25960
23097
31638
29739
20348
17774
24989
30858
27214
32270
8761
30112
16998
18927
13859
11538
8898
24898
9603
16209
22181
2172
30361
9865
32132
7597
10664
14772
28
21795
21595
27728
2499
7492
30635
31678
32412
24784
32501
12484
770
9134
16864
25664
26008
19070
3700
27760
31411
10897
20781
891
25831
3800
27529
17382
3516
4328
30545
12044
7546
1138
12489
29094
7244
2102
24345
20289
30688
22899
25071
10829
24363
14291
12539
4991
17461
30665
7853
4877
10188
30292
29801
23304
7588
26586
29920
16857
19966
5182
31323
2781
28985
13115
13963
15236
15660
19747
31404
9876
14970
26879
10689
2645
13195
12363
3151
12982
32319
5304
30385
9999
24047
9464
14133
20431
25704
32385
11045
1574
16056
17656
27435
20915
11234
24672
30290
25606
20261
11388
27397
17503
564
4302
15079
15169
19743
32344
15182
21775
7701
3454
2411
31937
17913
31032
8560
5093
2617
16692
21782
22936
19797
2387
13838
9423
8003
12396
2871
2533
14462
23618
21616
31872
19836
27060
12251
2655
13130
15644
25118
13858
5412
15842
31922
18255
22690
23473
471
8803
29343
778
31573
24080
30981
8713
14307
12633
31274
15218
1870
5387
18362
23549
17361
29140
30826
24683
24246
14489
21670
27642
16900
32090
19134
21125
25348
9754
17381
5642
2236
29286
19488
29093
21846
461
17258
20439
18048
17344
20394
25207
14058
19037
15584
27704
18643
13959
16739
9371
4532
29262
21262
18131
28680
23179
13845
26658
9518
1151
14988
23667
10876
17861
10715
8303
23488
32423
30824
30687
8100
4330
12562
2544
4732
26868
22746
11869
25162
22251
23049
22258
18057
16306
19682
1609
30517
14401
14827
29680
30501
31950
15385
9452
3319
1989
26560
21416
28337
4463
12603
5357
29237
7240
11852
15659
11874
3811
1954
13192
19443
16493
30993
22150
6801
22582
26093
25980
5546
19952
20760
3281
23158
9785
25446
558
1211
16097
11260
11132
23415
21362
19632
30024
15551
7845
4850
13133
13907
20807
13757
21904
3927
14376
26834
22415
27550
7396
5621
2689
21373
26030
26077
32506
15287
6960
24048
17114
27396
30394
10012
20590
31420
22048
2725
14383
31287
18429
25680
8877
13405
18369
21619
27627
20767
20943
10287
31805
10023
22996
29383
14221
21332
16225
23916
1340
1392
16667
16542
12206
3389
27452
3338
32766
5678
2896
8973
18243
3009
10641
23888
25777
18070
6670
22447
21181
10615
4137
17182
23795
12242
7604
21043
4944
26836
13773
7298
18596
16169
28796
10949
28267
19217
13819
15734
24864
32534
21341
14609
11982
3864
27972
4837
11894
3183
15420
6331
28954
12026
21816
14033
26260
19815
282
23431
31850
11051
11731
20460
28872
17677
10561
4617
14574
21924
22102
32254
17583
28726
11572
28317
28528
32205
25980
12131
3956
13878
16693
3395
21927
28886
10002
7124
14562
12848
16952
12629
5536
25134
10526
19656
22982
15020
11099
2980
28742
30737
24189
29175
12097
13629
27541
8310
5891
26844
15626
13084
22459
17724
26079
17463
11133
16293
29894
7706
10147
14724
14597
13031
646
19626
17398
18441
4651
11023
21633
22689
4684
16079
26792
14664
26971
20233
579
19035
7272
14345
21451
14560
10641
2614
30096
24819
28766
14189
15843
31505
26214
8104
31966
31224
3946
7691
19668
22043
11458
26859
30659
32100
32344
766
4860
25427
3928
17955
22854
6782
23837
3032
447
26969
25761
12696
2920
5338
26058
12142
6735
7263
26741
1654
5125
2868
26767
2042
14328
31469
17497
25325
21389
9633
4636
10212
5987
9491
8007
19158
29701
10694
5296
27724
10774
26142
32523
23398
24774
30824
411
32022
21857
16792
2376
28274
12663
5361
25702
2014
30649
9443
14602
31285
17585
21120
13248
4165
20850
3594
18665
11994
18442
19784
17002
1724
10976
2098
19660
1819
716
11961
1324
26364
14287
14788
4526
19475
23609
23062
20985
20555
14348
12938
17634
24186
29402
7340
29157
7124
3982
13933
13806
30339
9024
8946
11328
26910
9105
25921
5969
15388
32500
30497
18344
8646
9044
18889
17284
18056
18851
19469
9762
26154
7499
24284
29943
20946
2389
30953
2826
9496
1265
1006
17753
12183
7862
9613
15083
26573
23815
28449
17435
15638
19709
10583
18710
27472
28976
24706
26288
32155
20807
21878
2766
24683
4162
30157
24272
25383
5258
28612
13047
4888
21072
9169
14631
20219
29606
26578
1763
3513
3249
27891
24376
192
19021
8805
20785
24668
12360
13802
5484
31665
24954
23590
22610
30500
12572
20323
15383
32161
22842
945
16904
2227
17015
13845
24432
28215
9502
12990
19691
20006
18805
17217
10146
16056
23353
22132
1000
31613
13006
26674
7624
32166
2591
31858
24791
337
27850
8310
29225
27647
18778
28676
26908
24154
7227
29531
7712
8239
4236
9116
13523
22179
735
4700
22545
17255
1140
8751
21592
3760
7300
16105
835
26860
6026
13172
4338
4124
14277
7211
32112
30893
18649
11406
19478
28966
5702
22861
6238
20403
24097
2214
23970
4886
5600
18866
6565
13405
7807
32563
4861
17620
26220
29051
23350
15249
7837
16177
28948
21184
18664
10453
28034
21558
21777
5282
20760
8644
31935
12136
20523
10235
15044
17005
14829
20223
4629
18685
32127
569
21812
7128
18477
23310
19507
23937
19699
727
2706
23054
1212
8150
16922
22938
985
6292
11191
8365
17687
5885
1052
8411
28608
15758
10889
24056
31794
15320
25566
32040
542
10907
18366
6128
23399
1842
8786
21823
12534
25337
16211
9587
25652
16461
15850
27458
28598
18722
23252
22555
17217
27467
30690
503
32552
736
19829
20561
29405
21433
11680
31156
20476
25825
18605
25402
16468
23344
4301
1107
29834
17698
14091
23339
4906
3772
3363
6321
28940
42
12910
21627
30867
19817
8221
1967
29267
29755
14927
26580
25515
11733
1826
16871
25640
24120
1072
21165
26810
15379
4682
12872
30619
18122
4344
25824
5576
23987
19820
25915
3705
12157
8682
10450
11258
378
29747
20481
18849
1536
20332
13424
10315
25631
21238
32243
26665
1414
16599
25652
28014
18668
192
27640
17584
28988
20849
6545
9544
2557
31219
8237
6129
8832
3378
9903
14600
2834
10848
23364
19485
29715
15818
24625
13692
4055
587
9769
5232
25723
5080
26854
8991
6517
8589
21404
5588
1142
13575
9762
17698
25258
1545
12427
22127
24987
2180
16149
30202
25139
6903
17750
20272
5034
11317
11382
29163
20567
8804
19266
14250
9448
28495
10919
31269
30352
23150
20907
11597
2595
19196
26065
14057
14915
15752
20143
27828
22689
21128
7144
21251
28864
24460
31729
175
7531
20862
31863
28619
32117
1963
21623
5458
30517
9964
13372
31737
21392
10882
9105
16813
22576
32377
5811
9256
7906
3368
17221
11521
7342
29686
22399
26157
13657
25533
2652
18756
26094
26602
14637
12800
19954
10182
23579
30632
10845
9321
29334
17508
30417
11943
22279
30213
1723
10815
21161
3665
10374
7639
169
20116
3510
14835
10753
25761
8783
18903
15890
6514
17252
26082
25143
31858
9375
27106
31166
2592
13603
15667
8270
16942
16915
2069
29207
6117
219
9414
8641
26205
5268
16721
30980
21501
26451
12520
11268
19894
22482
25937
21676
32746
8375
12107
25405
4384
6538
25480
8212
17505
30720
25504
22299
3072
18717
16986
3952
8304
5546
10938
30921
25056
5335
12765
22660
9238
24974
19201
22395
1374
24234
23228
8846
559
5121
22342
26251
19017
13191
22292
27541
21556
8262
17561
12026
15124
18554
17646
3712
29087
14830
17075
27728
3864
29776
8248
470
5936
20093
6939
7292
11908
21292
1085
6880
24023
26290
5112
29709
14234
4785
24233
14563
1046
4233
11165
10371
11314
20286
5563
25652
8316
11469
9044
12148
27967
15177
6736
13395
7937
25573
30630
22267
21640
14738
16358
23744
30972
3964
20363
9608
9905
11422
350
30764
7246
438
10284
7207
11543
17163
14425
28638
11864
819
8066
4701
3471
8654
20760
21506
29830
15374
10326
22345
14233
32135
17368
22759
5019
3350
27313
15532
27259
10016
15257
16244
10681
683
28510
10665
10733
31756
9020
32680
11439
8052
4249
18419
6132
29163
20756
30250
21451
23800
799
18125
26702
16598
28058
6044
11399
7607
3497
11544
22958
7700
26203
30607
17364
4853
14197
17553
22635
11853
25196
22815
19202
25899
24846
9727
6841
30187
14184
19670
23602
19384
30754
20595
16293
6539
28765
20307
27498
32571
20606
19030
10200
27017
1969
7089
5012
19672
5762
20309
18523
21484
19364
30522
16690
9859
15389
30254
4712
2329
23825
29864
21498
895
4195
18547
20797
12510
31768
32232
32543
15541
15827
14678
12912
13740
31352
8713
18733
1625
263
21665
20375
8624
27462
31007
22339
26769
13552
12378
26029
28692
17663
16390
10194
24067
9500
8639
168
2185
10248
21842
17470
26742
6860
7877
5985
3914
19334
3037
613
5711
15954
15478
11516
26244
12875
23088
9168
19080
5026
26004
18347
26215
28701
21157
13296
2735
1611
629
21075
21242
3378
11399
11796
22751
16641
11850
17326
1111
9478
15843
11442
26298
8337
15432
11809
4319
27111
1891
19039
8888
11940
17938
17219
21528
31164
1678
11153
3007
29657
22930
29732
16280
738
17170
21055
32311
23596
27491
9897
19220
4251
30366
14635
10439
2653
18037
3168
27986
17176
868
15838
9120
27552
22377
32343
1848
7914
559
28237
27774
23703
10484
32126
36
1508
21320
21628
10443
24937
25279
18147
32241
8198
17953
24169
5368
28193
5325
11931
13258
6656
28633
22543
8824
12747
31495
30305
22234
536
14729
13118
7126
10420
3304
31862
9423
120
3878
28028
5781
8031
1254
19337
31753
281
28562
2591
29497
28895
14460
27940
13853
19490
26327
20957
12881
16818
14140
28094
23006
27729
17743
26636
17180
11791
13440
18009
17769
14761
19097
1374
27660
28947
31912
8184
17259
29445
10204
20482
12114
183
2620
17885
29019
6371
15422
16826
29137
22848
3094
21054
28456
12368
19763
18085
8392
7298
15008
25293
7656
15342
28447
23030
27790
2053
2974
9393
25014
29992
28014
3464
4631
29146
22106
6047
13200
5425
4878
4215
7547
27021
18189
327
25766
742
28776
28769
19813
20852
15556
17363
20969
18311
4621
31091
28228
30029
27341
18673
6368
7994
27730
17466
26322
7489
4242
4742
10713
26019
138
1593
11253
23192
28652
32087
22224
21523
13029
23440
16780
5007
13505
18649
7216
32225
26294
9530
6596
19457
30971
8617
29022
4306
6311
21211
2509
27410
27285
31489
3458
22923
24167
32152
18545
21454
29444
31539
1311
32439
18783
2368
14886
21355
7303
9337
10870
6614
2859
26817
14801
7351
20280
40
26496
9912
18703
22830
21146
2317
10849
8207
4823
30772
4739
17978
6122
2422
2279
28153
23892
14547
15653
27755
26064
19177
27338
28470
9682
25128
9329
28757
19675
27992
27289
2272
18153
14388
7064
23973
26647
24507
1802
7098
23975
10333
2254
921
7711
345
32024
11262
14063
29372
5173
24648
3014
11826
1719
25192
26577
20146
23093
13235
25283
121
17303
28845
32105
8051
11821
17121
22752
24265
337
24450
21853
15072
17018
15049
13023
18076
6973
32341
17141
6136
30505
29345
17545
29349
13982
6561
24156
29963
5009
15576
17921
30557
405
15240
20259
7399
7051
15626
23558
18561
2362
24867
17873
9578
20404
22174
6762
16705
9815
6254
12800
26672
30085
4392
27365
17501
8027
31456
20934
15934
19395
8996
32542
15120
9688
22420
13110
14415
5024
24230
16641
30377
203
31662
3598
20807
24859
30923
13776
30477
25770
142
23384
20936
13146
20067
20726
26787
6412
24219
6905
20632
12033
14507
3983
11231
8206
21161
10699
24855
12646
24385
21555
11607
3773
3748
30986
24878
16729
13315
10941
29952
26058
13044
31616
18581
31121
15203
13270
29262
16398
7200
14543
2751
2284
1078
12327
15213
18420
7964
20870
3677
10390
30331
7837
22584
11291
16150
30995
31649
26285
24126
10082
7753
14614
21649
25809
8941
9746
13597
11508
14553
14555
1318
11016
31524
10973
12727
4738
6012
1533
10147
22677
15751
15777
22510
15179
27794
32258
28167
6865
18246
8331
17263
29391
19479
10412
1394
17740
20819
23836
19310
5382
30054
9883
15523
29434
6117
11665
1232
4876
10490
30754
12524
18147
18177
30061
24034
5021
5517
19748
22115
4282
27425
25373
11743
28202
4918
21301
27491
24887
24080
23412
16224
7801
20064
19894
2886
22460
13825
28118
7252
19733
18024
29722
27271
10292
8518
4736
4011
17447
32377
27458
1724
12556
22743
13800
1256
32328
10814
568
5895
30639
25488
32015
21216
4565
20186
2383
21908
29451
13645
3402
10221
5001
9172
31250
20450
3797
3866
27535
18313
9843
20442
4180
4607
15148
31930
20504
6565
927
14802
8368
30330
3810
27011
5700
17830
24641
30479
19970
2626
12321
10574
3208
2137
27197
6940
13177
19112
10332
22208
25635
1918
6265
19329
29192
11644
10002
167
24765
9646
18037
2600
32192
23287
21822
24911
10601
21045
19590
22426
738
7918
7722
30309
12219
20603
27789
8699
5814
4354
32757
30875
17579
1119
11933
8195
18318
3661
24387
11005
26052
10567
6364
32373
21564
22825
4193
30055
28660
277
22820
1820
13839
108
6351
14711
31900
4791
29175
9542
6731
22340
4618
30694
17487
18572
16607
16075
3893
9366
1028
32699
27769
15682
7683
12172
17227
23981
11488
13520
28631
29470
2272
4173
24462
22988
2365
25311
3460
7757
10921
19051
200
5840
13585
5511
21766
15856
15518
32481
29649
27927
15787
6729
17198
20637
3621
14337
24028
20095
15672
10578
29045
2454
21109
32748
3145
29347
7509
15348
9517
19315
26383
16738
2630
10148
30811
25345
5634
19568
29987
23365
14566
10249
9005
16089
5513
1593
3757
26032
9740
9902
26427
16585
20073
20442
32266
32132
9763
24117
26616
25002
6184
922
31445
22873
8417
25100
1485
23254
22619
3035
21923
5225
5577
27844
27183
27821
3028
4556
32080
4035
20724
20848
15492
8745
24685
4659
4493
7628
18522
11232
1013
8258
7214
9038
442
20552
8004
28449
17349
3697
4045
21487
24170
5340
10428
20018
16511
32517
12034
29683
27045
24948
20126
24517
25797
13084
29064
31786
6214
9383
31690
24954
23220
16586
22401
1170
20258
31058
1905
19767
6208
11266
1988
8939
3311
24558
13393
7738
12015
10005
18866
26317
10696
6425
30419
26639
46
19839
21299
5740
31282
8168
24512
32391
24961
17612
29329
21603
16878
491
26005
6633
26889
7621
19008
13696
24298
18824
10767
22086
25466
7015
4268
25577
8980
8495
2276
6798
30561
10717
2256
24394
17419
17998
24053
7339
27382
18781
4833
19719
21193
31810
3065
3233
4330
7672
12373
6573
12320
23146
15653
11789
16336
19273
19136
30899
9615
601
21410
8283
32309
12068
508
4676
13745
21808
30849
25846
22559
7332
20073
8638
4700
2932
25029
2330
12997
31822
5341
4966
9435
32222
670
4281
25773
25784
19287
11299
13021
12594
365
31644
31969
7162
17301
26464
670
18489
24161
23887
6300
23853
25707
23170
8367
5444
19508
23489
28068
14895
26697
20330
14690
17469
15370
3116
14237
30556
18842
10102
14553
7913
23412
2869
5108
19439
23526
17444
18598
20791
31104
27089
14088
8387
20581
28806
2192
26495
26420
25291
24855
11218
6822
32731
13987
3695
4700
32227
23701
30159
30381
10811
28962
25434
1061
24525
16210
4887
27689
24333
10824
1311
25032
10612
30563
835
2174
5173
32416
16635
22064
25968
531
29918
23887
5364
8524
20394
30768
18777
20167
24712
2338
14925
4498
8522
29625
29128
2196
14888
26986
2275
1434
26546
32406
26917
27807
14361
5652
20543
30974
28870
17208
243
29430
23260
6922
27024
27232
25241
27406
18151
4213
23115
23263
3074
31436
7222
29821
18190
17774
31227
26141
13665
26637
30050
9583
14025
5353
27127
5873
30843
13312
24329
9441
11664
926
6333
22271
15657
6617
8904
2259
18447
2073
19087
5195
22070
27516
18935
6642
23632
8825
4674
31059
18129
26443
11779
13142
31296
27592
19029
3415
11658
25258
14239
14058
20263
3135
20577
32080
24946
1143
22665
1748
31051
14882
3654
10904
22969
7012
6999
12075
22997
7527
11019
23575
31336
26298
26243
27634
27956
5713
32180
26963
6935
7717
2088
21792
22970
7866
31592
20509
4500
22063
28742
27409
9176
10606
32040
19177
27762
27890
7313
191
11863
27580
13576
11640
23027
15336
16402
1858
21316
31369
11631
30238
17109
1572
986
23923
19199
1373
1804
24579
21491
22946
21393
16821
28186
419
23033
21385
12176
22288
254
13411
24587
9600
20657
8280
15415
30135
9867
21129
10853
1448
14586
31360
22874
30705
8974
3015
12636
14931
26405
16846
21799
6472
19753
22117
14461
20624
25046
8406
21137
466
31620
10371
22495
29928
6454
25136
20184
26333
21106
7034
17915
4865
18258
24978
20233
681
8102
3996
25467
18250
2256
3972
15709
30351
16467
27439
26145
13625
424
11500
25201
12959
28686
22738
2113
9270
29091
19527
26416
4751
24339
8082
21366
32395
13256
22962
12292
5679
10745
5363
3997
493
29366
23889
8206
28450
19425
14320
24590
29364
18619
16827
22854
9547
29708
25802
12426
4727
27270
5800
2495
29523
25019
8219
7394
24569
17698
16105
10748
10987
15961
11344
4010
31146
26958
7396
9266
25268
223
27229
21572
2916
13263
28989
26490
17399
32140
16284
22451
16482
16048
7536
22523
1287
17838
12428
4238
14876
23812
3108
7387
14090
3441
24445
25563
31966
25066
3426
15428
11488
32544
4927
32612
17986
17134
1632
8857
6594
22131
32557
829
1269
1161
6778
23840
6548
30029
17542
14372
14549
18178
4077
28811
32526
10012
9907
3864
5719
7658
8175
3906
19283
2168
18730
31368
15845
15306
30352
9845
8469
25131
24737
28690
19353
23622
20832
4727
21545
28544
32058
18542
30898
26894
22544
1519
17003
13400
29909
21029
6910
5061
13128
3434
11687
14943
7040
29344
15731
7786
5556
17453
30913
19525
27044
22601
15692
21289
31196
28049
5986
5268
18959
13476
20912
4383
23341
5221
23478
3337
188
15108
20289
19197
21415
25817
13147
24935
6538
20227
6748
23965
3841
27533
23297
2048
24151
25421
1513
9134
8333
18286
23581
23968
892
22256
26943
21834
1689
32320
28227
14933
26312
5863
13347
28517
31243
22409
29935
32746
20027
27014
14433
24744
31313
24151
11866
7782
19547
13745
31458
8775
30266
8920
12324
12808
3257
20900
29986
1537
3407
21441
25177
28003
8641
2890
13753
16485
333
18467
6603
31000
32688
20733
31885
10352
21894
23525
16721
8701
8338
29305
30468
30835
30095
9694
31953
26926
32716
6906
20878
11196
4117
12849
9478
14956
21841
4819
17067
21637
9613
1449
15696
12180
27465
31191
17509
20186
13638
11210
28150
9510
7599
14248
16411
24970
1069
11624
1734
32447
1019
17307
16271
14094
28455
25023
3000
12167
1244
19222
29801
9427
24539
24385
25266
4414
4499
23748
19705
26016
14096
8317
23436
11636
24429
22452
2930
15229
3506
17170
29210
25219
1942
16307
22624
6992
2933
1147
3220
19963
14511
10006
22443
12529
24153
4720
11614
16398
26515
10387
29416
19146
28531
23871
15662
32529
29971
23502
1217
15767
25435
14257
6018
17522
16319
11540
7927
16203
7580
25752
13741
27201
10029
11383
8704
9063
4813
12468
8468
5830
4754
28492
22605
1309
16992
17999
2765
2490
32294
3830
32382
32093
18204
2743
12005
8130
23819
15673
20138
13270
20345
1963
9659
10923
18749
13746
25514
9561
28150
9068
7371
13029
19670
17482
20334
25737
19894
11948
26104
12169
25632
18470
15927
4668
28834
28960
25502
23599
3104
27163
16325
1987
10665
22212
5172
15404
27491
23622
17383
17702
3274
29857
25789
14863
1753
17917
27487
19156
5037
12544
6835
11462
562
29694
21943
15609
30778
13390
788
11311
1561
25669
3876
28593
26352
4634
19651
765
32237
31233
26798
9452
18598
7713
18024
13924
30341
16668
5456
6608
27582
13426
31434
27629
25542
6328
1300
3982
22684
25308
11178
25508
7811
17798
22908
32576
18496
21977
1935
25211
15602
1076
29607
5178
14797
9301
3545
24888
5631
24717
7255
9725
7503
5831
767
20094
12583
20674
2079
18200
31744
23223
9635
6804
21813
16322
18513
16335
18642
10555
23473
19172
4334
9204
22635
18099
24041
30649
6164
24119
5131
6770
20506
32044
30996
9068
17922
29092
24058
4316
19165
29474
28387
11971
29941
12005
27682
22663
26278
913
16685
16565
30916
18702
27377
10543
11000
20651
31265
22507
6872
10660
1214
7969
23567
9695
22605
2487
6794
13228
2690
8475
16635
21899
4685
23493
6292
26926
18539
27237
19427
17451
14103
97
8117
28445
26637
2485
15950
17340
26108
1310
12041
13943
8950
9192
14762
22107
17058
12449
7612
29636
20123
22671
8972
7734
2065
30045
21956
21626
16789
16270
20607
11630
10581
896
22578
10735
15720
12620
31740
20977
10052
28670
480
9391
24042
27402
19796
10535
4557
19487
14753
23007
7562
31442
17670
8760
20290
12631
30434
442
16472
30760
13189
19904
21632
3460
24720
18548
22213
8052
16697
10045
14275
5744
7120
26649
1851
4076
2645
24798
24413
2767
3783
25104
32739
4172
20891
25955
15164
14534
20351
2180
20750
3249
25093
15778
3691
31201
21253
29648
6449
4061
16226
23898
18797
16892
13846
29261
23787
30028
19998
30609
15299
30881
31769
15794
17865
17066
2864
28966
3961
8482
21213
17126
21992
15718
6145
21690
29588
6507
16500
22836
6424
32625
707
30397
24960
30027
19728
29109
29898
26612
10534
8354
9837
18683
237
18388
10792
22522
15865
16119
32408
22599
17593
17433
7529
6375
30419
31522
15615
28460
4949
25156
20640
6225
8430
6889
26610
15068
14305
24646
8063
15990
7655
4030
11225
29056
26224
13042
14190
20292
15938
9036
17441
9902
24927
11439
23396
285
18629
31954
10153
19373
9136
20912
8707
9341
639
25527
8626
17670
3227
18443
3733
17659
29002
8283
19415
12321
26232
11290
19113
503
19844
5952
26105
3048
2938
16634
10287
24508
12006
19439
21583
22762
13363
10362
17945
30911
7114
16104
1059
26826
14047
3226
6387
16786
13964
30522
11803
26698
15364
32401
16768
28289
4300
4293
25084
19537
17529
28657
24755
14320
5749
22135
4226
4650
20690
21776
16190
14499
6784
23984
21770
30214
24044
19482
30282
1141
12293
12357
29114
22103
17584
27021
17565
19034
17379
9204
11280
30067
19238
5486
17889
21134
10259
27975
8726
17435
29720
7722
7147
32664
3495
26845
20972
5074
15143
13500
17120
7077
25740
10947
15385
25358
11829
22707
14978
16894
12207
8602
19944
15579
15554
15087
1829
6091
4987
28531
27168
24885
2128
17354
10306
7819
3635
8676
5400
7295
30096
8684
1354
15521
6325
9751
18467
21827
956
10834
16412
13644
24831
22629
9574
954
56
28206
28770
15305
25463
19291
21990
6657
31455
14674
24675
5540
18138
20170
22688
26208
29534
1815
32576
18904
30744
804
1856
28415
2483
24662
7719
19333
22920
22826
24631
13695
4042
6647
7010
22622
26911
15100
15973
13453
25934
31043
27339
18076
13308
7431
21697
23578
18370
22283
3532
4415
7647
30896
31309
21291
27548
1881
21943
14503
16050
28120
12621
7232
13187
1660
8028
14853
11087
24750
21
31332
19390
17633
18100
14776
1143
17411
13950
24061
31565
22466
22830
9583
16959
16549
907
3544
29139
18276
14052
7788
27694
17828
26038
10807
17603
24888
15275
22194
17718
11265
29413
30679
8806
13182
15464
25474
916
3625
13887
6296
8627
2177
30110
7397
28768
13782
21384
3405
10751
29526
6683
12749
11147
22589
10807
3892
2653
3704
24702
4549
8457
11114
26559
11674
8053
1282
28942
28672
10083
20070
11472
25075
22617
25960
27163
17632
5681
13376
1868
21364
18470
9436
3464
6293
13109
27840
4570
25263
2033
31973
21960
2074
22960
13147
29557
27449
29762
488
1694
3330
8276
9529
19049
19841
22659
13296
23750
25072
30096
26693
21543
4509
15365
8069
13147
13152
18146
3526
11921
18646
27919
4907
32063
24505
31219
23172
9314
12657
6841
25611
466
6982
29491
18099
3219
25793
17273
25734
18586
6241
27974
9007
24786
30310
4399
10531
14828
26223
3903
13221
27450
10246
20058
13121
20436
11095
26772
29241
29358
22571
23844
31161
13486
11642
13171
29954
10128
2988
21448
31369
20030
10997
2294
18525
11678
28552
12453
22113
15723
23882
25191
21686
14902
8976
31593
25450
21999
9782
6031
25694
31278
24203
11547
19564
26528
17587
5824
21976
18669
12028
30630
3540
3588
7833
19816
190
7668
6393
18347
5861
23895
27227
5985
9561
20572
13185
11827
11521
5730
10635
30749
9179
24257
11541
11810
31790
27919
29367
3999
4520
17146
20595
28876
24151
19055
22793
1939
15922
1629
26491
5508
31866
7766
24266
4314
14227
30995
4610
18178
14420
16324
29385
12034
335
24601
11983
12362
18431
24368
899
19226
25747
30898
20494
5288
1674
21898
19310
9517
625
16648
10812
30585
32326
26054
26305
14259
25584
30151
3629
17469
22425
9762
370
32109
15789
9385
11868
4594
18745
5463
26713
39
26930
4255
12758
9068
24814
22120
15539
21579
22428
29769
25335
6870
17642
24361
25480
7044
19084
8589
26869
12477
15433
8995
4157
32658
21414
31718
18336
16725
22229
27831
32280
27997
19295
15125
10197
19782
11007
6409
2638
5211
20945
20726
18400
10451
13454
25731
11842
15239
6436
28723
28048
13593
10269
811
6383
14107
23997
1172
10450
29636
5414
20657
15188
25896
3195
13117
18774
27
2130
15557
22854
31172
26902
340
13506
8010
15651
19331
20334
26570
9253
6193
19471
30223
10015
17969
1127
24188
21369
15585
1786
27699
19649
4812
4693
26059
30383
26899
7566
30977
3613
25804
5165
20965
13596
3781
26078
23740
21349
28403
25012
25799
7360
24099
24527
30480
10793
8448
4229
14076
8316
5746
12087
11514
22920
13037
2232
14237
6997
24011
17867
24530
30595
22731
26221
8872
19904
18425
25148
31713
613
17877
12847
18931
25519
6863
3860
12102
32396
32289
25981
16637
18043
11534
4249
4556
15830
6416
17957
5163
17880
25223
26913
6162
20093
28108
11855
11345
17391
30851
26936
1667
30648
471
8944
30341
23042
14951
1792
30143
16962
27877
31794
3543
19081
3892
4457
19
11705
4682
29848
30869
27459
24067
24462
23024
31987
20461
1282
12615
19161
2952
11696
4988
28381
18007
13053
113
20764
16247
7580
22533
21659
6989
281
12790
26462
28554
25174
6698
475
11226
24613
13777
2379
21807
27059
20121
2673
23695
5938
7763
31313
698
21019
6578
30069
22612
18728
20444
18543
22174
13597
9180
28286
10059
9718
13973
16412
11122
2179
28024
2493
6490
18713
26846
6452
8841
8603
8172
2170
11464
7623
15512
27353
21749
15280
31671
12440
10816
21170
4080
26710
26782
32444
1500
4020
13926
2326
19388
11877
31853
6881
30143
16536
20243
10756
32647
12663
8674
3378
16267
27788
13233
22285
19494
2577
12295
6968
12217
26793
13363
12355
28050
13886
8887
10572
12562
28530
5308
18386
10240
31018
5122
23147
32370
7257
31615
26544
12452
30104
23366
31781
15956
348
27452
16321
417
7341
16352
25106
182
15714
3740
4070
19935
27157
15061
12761
22900
7995
12370
15502
14409
20831
4172
23699
25032
22070
14031
27751
5300
21271
7472
23198
6410
9870
25919
7075
2996
12574
16763
12585
32250
25741
17201
28420
10717
22075
17043
26094
21751
6085
17108
4501
20812
31184
22314
19248
9343
9863
7201
10821
4608
18094
23247
8356
11138
26054
500
6658
11016
24055
23077
18925
16571
11521
3861
7294
8035
15166
18048
8333
11755
12057
16075
31141
21656
8344
13614
29619
273
2704
5666
6513
7548
31683
29808
17835
6473
4550
9881
15601
12505
9015
18619
16372
6229
16173
7211
9098
22987
27342
26489
9751
26934
18094
17974
954
24728
23118
15072
5563
6467
8588
21935
23274
15826
24973
8981
17699
2132
10511
16868
2441
13583
23596
6935
32148
3368
29729
14754
4331
5245
7065
12810
2722
24518
2515
1711
20482
3569
30072
17596
3439
3808
19615
3398
5899
2579
8561
27432
5374
16974
15546
19609
23713
22855
1049
27551
172
7293
30066
744
22064
6119
30861
16791
23644
6817
13197
24431
4719
22972
31182
861
30713
32509
4441
32406
5342
24941
13645
28942
26481
7850
9710
30395
16320
32103
22312
28101
8196
31318
3426
11247
23883
16485
16985
16125
5779
10624
15564
22659
5043
1237
17889
15204
31344
30962
18744
21744
18798
693
25376
2721
13567
1249
8165
2591
10640
28392
19256
788
2720
1024
20039
28117
12532
14733
27215
4330
20901
19866
8244
30864
31815
3870
5276
27676
15364
12860
18205
14038
2842
13203
14397
27993
11312
11545
22399
24838
19182
4226
109
16898
15238
14750
30446
9459
11713
11191
9425
23958
4471
20890
25925
2520
16400
11687
18245
24186
31210
6717
26038
30360
17608
30865
24675
7786
6165
16049
20071
5776
30707
31650
27602
29006
18542
3620
21610
3872
1292
26
8446
19020
21511
14879
14577
24522
29224
24891
10925
2314
28114
11739
20075
26997
16342
6005
31811
8172
9777
14695
29844
11587
27045
18147
664
28661
18851
9496
22698
17212
8075
2263
31364
19690
26404
23647
21696
888
14554
3562
5699
5333
18871
11489
9122
6933
32505
29759
13957
12293
10785
14830
15725
9189
1059
20312
29803
17976
27854
14721
30772
5677
8824
15543
18830
24667
30829
10426
11877
16392
28351
14427
26598
31809
22171
5675
4352
14682
464
22265
2209
25045
10851
28250
19684
26489
18248
8297
7654
16479
13086
7006
13376
23206
757
4225
31887
10943
28605
15395
28210
31633
5435
2996
874
10210
15500
6138
27592
22092
17418
6381
25961
9226
12633
28481
16324
29266
18064
9163
15257
31775
6721
13246
8797
16200
4100
14222
231
14717
21714
19483
22242
30164
1031
9579
32547
7665
23113
23471
8367
3983
22079
17355
1007
6523
10500
22458
5364
15554
17545
31712
5680
13962
13451
22455
21584
17523
3792
3713
23148
15325
13482
11062
17280
10887
29105
745
5121
14325
11174
18575
27799
25145
24351
22972
12365
32727
21337
12653
25086
26583
5471
6933
29122
21874
16111
22394
267
13917
20052
6722
3129
7073
6396
19863
13734
16980
30497
9172
3761
23201
27971
9863
18821
31659
30728
21223
30529
3930
14037
30878
13712
1642
9175
23228
27979
17010
29858
16755
4134
9660
14781
4966
21552
25006
10923
24769
27549
26732
11101
271
22370
3235
18059
27757
7207
9713
28434
18148
30449
14157
24863
9064
14219
8684
9773
6560
21784
15558
10257
1498
31587
20552
23233
14468
14792
14140
7734
4090
4823
26318
7976
17532
30374
15063
12989
19959
28044
23691
18825
14702
31332
19953
4134
28768
21591
19376
13233
630
9841
16328
29113
26606
24448
3205
28381
8655
3024
30525
4060
24591
13505
19363
12059
26189
29476
25336
29001
31464
26920
25792
8382
9525
19808
14499
6458
7146
14363
25288
5050
19702
9438
30491
27514
23707
23294
1605
15180
31045
18037
5382
17032
23512
23733
22833
32731
32639
29504
3787
26356
11823
20989
20818
28419
8491
22927
7168
23675
21810
21969
29695
5204
17665
12461
16252
12405
29296
24468
3853
3984
20864
26155
14032
29244
29283
25203
19608
11719
20905
8604
25796
29307
18424
5060
602
1391
29498
18614
12772
14070
26217
23568
9649
27697
19045
13749
27777
4763
27869
951
8225
26449
23634
10539
9803
17170
24999
24389
20579
742
5728
5471
6293
23983
18496
15085
22860
19811
7248
31503
11615
11251
18579
12210
5125
27109
25615
29529
19600
29399
5100
13418
26406
19997
30547
3666
8956
23100
7787
29452
4268
30315
19913
17837
25790
23767
2011
27898
5979
1170
31521
5409
17041
25676
249
26905
16834
7337
9064
29375
9559
12522
9414
6221
22004
12382
17324
28998
29092
4267
22817
21233
29727
239
26267
1341
21016
29454
17346
25117
19825
13484
28408
9622
21703
21998
4317
10312
22852
19082
16293
32257
21065
12081
30835
25081
3546
3535
5340
21357
11893
14713
11996
6058
3947
8648
20554
21101
10811
4380
9998
5916
3543
9157
31355
8525
5287
16122
10443
16304
2505
15447
19908
26958
26175
31368
17981
4775
20223
15571
10073
2931
5375
17033
5067
18224
15929
2549
4680
2643
11992
2837
32631
10526
104
24469
19874
6362
13921
16502
17697
16365
14620
21343
9312
10775
30466
30473
10996
16425
32506
22476
7408
14554
13885
7612
20141
24245
18105
30359
1178
28916
4112
13339
10862
6132
22945
28128
11744
11549
26527
15376
12960
30244
13761
12371
32682
23498
21105
488
28155
5380
17562
15714
16187
7457
9421
16109
7181
13336
12904
710
11799
1916
1536
5465
7396
16348
16400
32160
16416
29285
21332
8063
7731
32581
22409
24997
20721
18499
21077
2956
17541
27422
18476
32718
273
30353
26686
26989
11592
25954
5801
8507
13988
21676
25312
14115
9656
30842
19825
27979
31017
24513
20440
24985
15850
22339
5642
24244
9549
9746
30670
32188
10414
10021
20182
28833
15167
5196
18803
28822
24860
30746
14951
17742
16873
15530
17297
5501
29967
25561
21094
10446
9090
4538
10585
15735
28353
19086
9441
10323
9587
9881
30217
23501
17735
9026
5719
23436
27998
8775
3986
25749
8993
18570
2764
14363
17377
29784
6074
25217
32581
20890
23125
21915
13940
8293
31402
18488
32636
11262
24914
20027
18633
12516
4278
17636
20433
1276
26368
22291
23027
13103
2505
10452
1960
26002
7584
28782
4083
1467
7569
23492
14343
3452
12456
29408
29639
328
11473
15370
27985
3252
26092
17544
15084
11674
1133
31722
27475
23368
17145
29857
4254
13674
25952
29136
14660
29202
32172
6429
17038
7171
30395
24338
10570
29577
31791
21189
14581
5355
32346
12286
18721
32212
26440
4819
24979
14577
24965
23751
2502
27965
6103
21556
96
18763
14941
522
8410
57
29404
25096
8543
16216
21650
18542
24013
6060
28133
29394
8365
16907
26718
23984
19624
29679
30308
1339
19961
5701
2979
17408
5138
10797
17518
9266
30679
7135
19752
2122
23357
21905
18366
14235
12147
6628
21048
25197
3505
19633
3722
7978
16184
14979
10232
8915
22865
10415
29796
5806
29550
8796
30258
5551
4194
12635
2394
26557
22725
26235
8451
16665
25628
16833
32588
10120
27121
29746
998
16854
20917
6897
131
23437
12177
29482
32047
31809
29330
26053
8493
4722
20799
17318
11411
9487
14545
24318
29698
13770
28161
7037
15644
14800
2845
14682
21667
8130
1543
1716
5417
30416
24652
27672
31741
11330
2624
27437
25936
16325
30742
16042
13500
16024
15728
31527
20230
3140
29262
16912
32543
30685
29344
21823
28469
31572
30947
25880
8214
19854
24022
29844
27391
1997
1363
22357
16341
3679
23095
31929
15120
29021
32505
8564
4076
19440
29603
26774
12017
10803
22084
2439
27423
25947
16386
24651
32009
5665
31236
24925
13565
19340
25356
6848
8061
11942
6817
7873
21545
26537
25643
20414
22977
19943
18295
14527
28319
12952
27737
16339
8796
19795
2485
31356
23371
6376
10105
11345
25061
9124
17711
2253
28779
31278
11046
14065
795
5612
30866
17076
30372
8401
26046
29001
24862
23632
13250
18178
9575
2368
31697
7293
4486
8390
3603
18409
26301
18758
17147
29915
26455
26536
20494
15458
19775
29009
6768
1818
7382
29413
18018
18545
16188
3238
22931
22398
27036
20027
12820
14797
30052
16141
28564
6265
24894
18367
7141
13302
9185
8654
15103
14508
4514
15935
12492
22294
11538
5039
19820
12988
11303
20062
22220
16032
18653
4914
4299
15310
15395
28010
18495
32007
25135
6553
13879
22180
4832
6903
5082
119
2728
11038
11891
10384
16984
24635
8839
10220
31972
6087
11598
17672
16053
1911
15419
20369
13012
13009
6988
20193
13202
29398
17199
30876
31800
31217
27175
17469
11035
5134
25974
8984
17516
2772
11543
14244
12255
7423
14143
27193
9459
2571
20302
3447
2228
4177
3333
32532
1959
30258
4115
5531
11347
13324
23052
7008
3947
32171
23869
11551
16943
3761
14971
743
26079
27928
23128
5181
12000
12422
7275
29942
10712
2962
6751
5398
5147
4
29035
20427
19546
32110
30984
136
8048
15208
9712
308
12038
20309
11576
24875
799
15056
8834
12219
27581
25306
22870
491
3858
26066
26540
32190
16501
13621
18343
19887
19310
3139
21931
5447
2568
13840
13711
10897
6361
14388
32701
3321
32479
3056
263
516
28962
32767
12324
5299
9662
15357
32244
8381
11186
17336
26368
17885
30831
1365
29764
5183
26166
3048
25770
30160
11192
25736
19984
4326
23692
25644
128
524
8210
21220
25625
18647
15569
31875
1498
46
28409
17429
25412
31125
21350
15464
21605
25416
5600
14678
22248
12840
3579
22479
3166
2365
11004
13516
13926
12858
442
28520
13162
9105
7912
3128
20937
4100
29823
30811
32721
7062
16864
6934
15950
13333
1546
24221
108
19215
7526
25269
13263
21427
19292
15024
20586
15296
20953
6247
19344
8478
2560
29157
29697
19291
20044
891
21023
25355
24180
29745
31961
32059
14240
3456
10028
25751
9264
14034
13327
12209
22182
21283
19489
4586
16195
844
2293
22022
2652
24852
25969
4833
12122
28164
20241
30426
14032
14342
10133
16719
17235
1823
32155
14946
22709
32699
9522
19608
21768
27769
15318
11548
23688
22275
3558
12441
10809
16956
23626
30613
31054
11926
27001
21742
1772
8607
32107
25994
25262
29826
32148
5074
16132
29409
6613
26220
29728
15349
10776
7211
9512
26205
19328
13764
25458
13292
1669
32672
4313
3152
31893
22574
10907
30539
31620
3792
16755
13288
29217
1136
5186
27411
6491
99
8914
31263
11428
25885
30979
5770
31476
28009
31694
29243
31637
10616
20707
16273
10436
21654
1382
28773
32708
21948
32184
5447
2641
9784
4363
30216
31982
10691
31687
12205
27008
8503
24938
15645
25890
11421
15012
24303
11945
11094
15810
4237
30522
21572
15105
30359
12669
19803
7678
23126
30572
27611
19574
29833
6789
10481
19235
23076
14438
22530
27172
31167
3816
11066
12563
32633
16430
11852
16055
3199
12955
29826
1135
19065
2253
4523
27260
14567
5284
30392
22501
14634
27294
24563
8043
20358
13634
26349
9964
11018
27679
3016
1008
31723
7399
23339
5464
11657
29720
2000
11059
23394
28077
31120
7024
3147
17132
22982
24831
20380
22512
4720
12744
5697
5154
13185
1385
26291
25303
19401
19406
21541
15759
25834
1086
14792
10580
10294
16395
607
1265
14051
5077
15635
18075
6948
9083
31911
27197
19031
3302
11286
17317
21730
14608
31079
8897
23206
4643
10840
6960
21770
12555
12848
21616
31296
32278
21964
32401
15775
32520
17674
28310
29189
14796
26430
19503
19898
21442
8125
28775
5663
32605
6149
9138
31343
5672
6539
5765
14021
6011
4866
3664
10717
20538
30725
19170
4481
11999
26881
16608
11392
21538
3482
10617
806
27624
18536
5872
22171
17900
9473
2161
12071
11959
8666
17857
4722
7945
6544
8361
32759
30064
3172
11773
889
10645
21298
13090
31892
14225
23293
9115
21943
32297
23660
11303
26275
5048
31909
23649
26154
5082
29982
2440
7417
31401
27572
13273
23091
23948
25666
31272
13646
26372
5470
21188
31669
15308
8326
8081
21009
22618
4523
11632
21491
14494
20507
7732
9792
8860
14970
28497
26222
15458
1752
5252
20221
5318
26566
23697
14523
15487
29758
15239
32087
20356
10752
24029
26594
19977
19403
22181
2513
20141
26436
31880
4846
20403
21497
4088
12211
22470
21222
12959
3856
27459
14206
31485
22462
8262
2147
17922
11366
29489
1841
915
1985
5710
20686
29783
9328
26768
22644
19290
8709
13294
31227
21377
11440
7598
19998
27399
29070
17387
8641
26394
8336
30999
30593
29540
12989
12889
27065
9603
16255
3818
22164
32511
8590
16003
3849
21088
21966
19795
27892
22732
16076
8788
6161
31950
30313
4290
7723
28586
23619
5823
6522
14307
12222
9514
28810
27667
9183
31628
26779
4656
5432
5445
31734
30137
6895
18569
24165
14801
31651
24050
23629
26630
9302
15464
25418
17945
22258
16524
29898
26458
1723
20161
21781
26554
6212
13353
15681
20031
29665
22669
25718
13321
15242
32133
4606
28403
12073
1379
8907
17006
26194
25911
25606
20355
22465
28828
1737
22351
22913
22909
28813
13293
27687
31152
25570
14489
2573
15502
16597
17866
28877
19094
19253
5735
2540
27375
13618
12961
13157
2193
17564
5016
16865
16543
26313
31194
686
23686
31168
17503
6292
32127
30233
12216
26555
32722
7206
26618
20860
8160
15693
17242
31912
22305
21070
19776
684
16128
8455
15024
16808
21009
20924
15387
23570
2490
29544
25993
24615
8446
20804
25461
891
8187
11111
5491
27584
16854
28888
22901
11762
8010
12992
29433
30350
32021
3123
18545
6246
19940
16659
17637
24943
27663
1363
4433
9826
25404
21965
16233
11751
5607
28141
23369
21011
6057
31847
15881
29499
10335
10430
23524
12307
12124
19215
12677
14888
18284
22410
9341
20368
31588
30115
802
1714
6285
30171
32222
15597
6703
10584
13030
5838
18729
32015
10068
14441
9848
16976
9013
18895
20741
8202
17178
19740
27548
19453
14159
21609
16626
16805
10434
10062
3337
22657
2216
18021
8901
22404
2310
28601
22521
11239
28687
29663
3985
28396
13338
9540
585
17872
10636
6204
17678
8202
22463
350
18953
1381
29140
3969
17521
14764
18417
13707
17785
23682
15054
16723
27961
12187
10445
3198
23691
21655
4672
30970
19472
16314
19924
3016
12249
3593
2763
29456
30059
11639
1181
10637
26955
13233
11472
17131
6895
31532
10831
3106
6948
21722
22322
17018
29537
10783
12849
9159
32411
25991
7243
10314
14585
4377
3335
29956
3061
26860
13745
7852
29467
4485
14700
4723
86
8017
20971
11921
6547
16808
21650
25079
6591
8939
4024
17190
2270
6087
23377
7983
27194
10297
14837
8796
11391
14768
25361
814
24250
7930
618
31511
16338
8998
8939
22412
4036
31123
32504
12872
15553
1073
2293
27615
2132
17823
30801
9299
22681
11828
27722
19361
13042
16701
25682
15555
6776
23477
14634
32752
10894
30432
24943
4738
19307
2265
17427
19724
15174
1686
32745
26170
32291
4458
22590
16433
25901
1875
32588
26531
29494
13716
15010
15944
415
4249
10635
11175
916
8560
4638
11042
31864
9676
15266
14057
9348
1060
12497
16112
21573
455
13542
10152
17135
10494
27645
7485
11327
11801
9302
21186
29576
23667
27218
14559
10544
3058
26164
24237
5698
17355
31077
11063
28158
12902
11246
10847
2571
24170
25637
6944
79
20138
22960
32737
1787
12406
28132
14449
20045
9209
6083
16675
26488
7927
27447
15944
15976
3098
20655
27306
10605
21528
10230
23900
12026
20654
4274
30325
1441
31588
30676
412
5673
15851
30163
12178
21117
9883
1698
17748
30559
16317
1367
22137
9141
12473
17700
12654
26142
27715
25930
18382
8485
17856
24129
30191
13987
31444
6028
9489
6121
29628
4847
16937
25739
5391
2864
796
8558
17005
17548
1603
6046
13947
17748
1231
11289
24590
6986
5585
21821
13911
12278
23139
19172
5556
5276
6536
8845
3359
16149
2014
7403
8014
9845
25904
19812
7526
30715
12784
12834
2537
394
8418
14214
18494
12528
8726
29727
24464
679
25982
9171
9303
16697
12959
11753
31517
9211
1753
20211
26526
32496
6175
24671
15490
20498
22450
24619
8134
8485
10579
3466
2050
21921
27648
1299
2590
8716
2585
8739
1401
12369
10949
1650
6730
759
26066
20131
17410
27441
23513
13251
1758
17910
19762
21936
15372
8253
15623
22805
24571
31242
23729
13812
12824
27330
29826
29031
23976
21154
19987
7043
15058
5295
4918
16708
2591
