3329
7987
21794
27208
24506
32438
10835
26972
12129
7941
18778
21634
30384
29597
28764
5880
14130
9726
21973
8410
31512
7885
11269
25153
3581
16637
11658
11968
26318
27412
22108
14084
21839
19274
26567
9762
6852
25446
30376
30476
16324
6129
25721
17401
18449
6447
24134
8734
3525
32309
22462
19700
3127
12198
20951
7350
6981
11093
26453
28068
3836
31775
31254
27948
2238
7982
32076
353
6827
5623
27572
11377
27929
6297
22566
19680
14938
15609
7356
10738
2663
3443
9253
27457
18809
26749
8230
18280
16633
18253
6515
14985
21353
11849
13306
4788
20891
6382
26311
2723
25291
18537
2429
25852
18368
29789
23059
20296
6004
16242
5261
12021
16598
27280
27813
20936
26193
20104
2260
17002
25128
7485
14270
6189
28584
9302
631
18677
22742
30223
24185
22440
2457
24678
19261
14524
31971
24658
26111
21972
25490
11931
9111
30491
28962
8985
30706
3132
14042
863
9396
30970
20416
32538
8826
22833
8794
9981
23441
5356
19969
17317
11908
22887
4182
30408
11411
13401
16331
22006
21312
15725
31223
18472
9686
29477
16645
26805
11023
11503
23243
28617
21653
23074
24029
26600
18177
22762
4632
5841
10637
31238
25627
15211
6618
16127
7638
22209
6418
9421
5133
18683
390
18616
8372
22334
20348
12373
59
29403
19850
25764
10465
21813
24447
19523
12823
24169
25769
20482
28237
20128
20076
4434
6927
11716
12341
29487
18577
27368
30011
22050
11681
11656
30229
7231
26301
3658
27652
21011
1469
10419
5426
737
21704
20398
255
216
230
22971
18297
28920
14166
14259
3982
31318
19270
408
17410
4056
746
27683
17960
19982
28354
16340
15181
10522
14264
20797
29632
25876
6197
30332
352
9114
7920
28439
32427
14446
7513
7900
7938
18245
6516
7704
15198
9209
24564
1589
24439
16630
3402
19019
28215
14847
23512
6480
247
21441
2848
2283
6383
23763
25473
29256
17704
20762
2627
18807
14292
21401
10973
21060
16542
10272
15698
11082
9239
25205
24898
8373
18626
20242
1487
21557
5536
23932
21110
11780
12698
24312
255
671
19663
14098
3677
11333
22161
8873
27414
12946
14024
1281
29608
11590
414
7121
17777
32189
30293
18175
20275
23659
23272
3248
19522
31488
27402
20773
29137
31458
19138
22501
16974
27839
2975
1620
14691
4320
26412
22504
25570
21902
4722
15981
11487
30970
16942
64
14011
5959
313
28403
27255
24557
24971
6349
21903
1218
16536
18495
14687
19921
21712
30049
11152
29191
14533
25774
2855
31205
13108
4727
28459
21564
16455
22452
8247
17578
13779
695
32352
8287
31529
31478
32125
11969
6853
16533
5620
30909
14138
25947
1026
11663
872
2429
16919
17879
14884
9977
32686
27940
8759
27621
29293
20382
32254
25190
8817
6989
23982
24786
23859
24036
24925
19966
22478
31168
15735
6664
28548
21593
30430
20055
9040
6386
4457
8672
29928
23997
28362
18949
19803
4220
16483
30884
24927
31168
3399
24188
18497
14401
26465
5361
5987
13856
10150
17217
20905
7280
10500
24830
757
16513
31550
5785
11905
13215
6345
12230
1213
25341
18183
14510
8828
28335
18892
19230
9047
30621
18871
9370
22231
20379
9520
21645
25452
6439
15561
31156
10914
30912
25043
13650
28145
14921
8986
18766
15434
9368
26803
14637
24516
25958
32251
21266
13965
31873
5188
26884
1916
21131
14749
27216
12145
1476
6366
16989
21898
19951
9913
14076
31689
29686
25300
32637
22051
23140
24508
28114
2810
29511
17471
23380
3563
29704
8627
6950
6103
2193
30498
9079
8811
2666
23294
29155
15939
11859
22183
19304
1634
18277
5222
1796
8394
29282
13991
10352
17088
20161
23795
15486
13188
32419
365
26255
2898
2328
692
23156
8069
19342
19514
19507
26269
20287
32493
8285
30840
17000
10895
15972
6131
28268
12935
16744
31250
6662
2724
24079
13364
487
5066
10348
3847
32159
8043
16139
15697
8296
13567
14888
11609
16632
21400
1948
30713
3835
18694
9403
30425
15793
30970
32619
18612
14981
15631
30989
25923
8416
11120
19494
22646
3090
20278
11511
9883
186
12008
3804
21984
25719
8746
9072
18903
10294
11338
28718
6086
16767
25461
22122
21579
24871
28638
17269
4447
3328
2711
13347
15773
22313
6347
17223
2654
30756
24120
15935
16613
15833
8273
16434
21098
16675
28741
24813
30518
23670
31341
26418
30461
18926
16021
25513
18040
24033
4693
6739
25318
10979
6058
31484
15584
7490
30288
8466
8940
26111
30215
25924
32616
2515
13172
14395
26786
15011
7576
20591
12297
2082
4185
26983
5361
26894
22750
6570
10763
30429
9948
18224
27113
12498
25252
25172
6536
26435
30943
8054
2283
2901
26364
26030
22158
6368
9658
3188
1649
23914
8702
20274
26486
4299
24310
2492
11326
10607
28818
6250
21626
16998
18591
32598
11218
21922
27318
23166
20486
16018
28663
2782
27899
8563
11083
16547
20789
1081
21744
26563
45
1074
25506
8189
31529
6021
29405
22124
14692
13921
7555
18141
19307
16366
10330
79
5290
26239
6957
30089
14747
25002
1757
25338
3885
20994
31717
19601
28801
9406
21877
4544
5554
6967
12235
9290
14081
27168
8285
14475
10330
12093
6106
15254
4227
4517
19727
1983
26528
2280
1380
18585
9718
27434
17491
28616
25247
8378
25382
9720
23386
439
3286
22999
22253
7562
17459
3350
1241
3501
14639
12112
5660
11893
14051
29852
22892
6797
7255
550
21994
6979
18350
26910
3666
27648
14181
11100
19913
3891
27793
24577
29256
23507
18746
26798
17070
24365
18490
11906
7948
23914
4108
28042
6822
6142
17634
27823
5662
2501
27418
25052
13152
9857
14920
13198
15013
11198
31457
19223
22358
26866
2435
2903
29701
7742
2884
21071
28452
8958
8684
24363
12502
32419
1471
23911
10114
22903
2638
14149
8271
25864
1381
13902
19513
11068
14783
25902
2084
16034
2236
26865
25061
3444
32642
30883
23735
15398
6687
25224
23704
28751
10713
31573
30017
28461
4255
27601
27049
26495
29701
16006
5383
6006
5079
14261
25402
5556
28974
21763
19300
15781
11317
21439
25851
29419
7662
24392
8673
7149
26430
20726
22896
31356
4551
7035
5267
934
20529
13094
14888
3319
23774
20703
31230
31527
392
23991
30186
24978
28573
24539
10650
5182
2866
1154
32285
24780
13619
25580
